1 2 0.012060317938
1 3 0.008625823237
1 4 0.034152155187
1 5 0.017923692034
1 6 0.012088655213
1 7 0.019744786115
1 8 0.004882471918
1 9 0.038429536536
1 10 0.009192420018
1 11 0.001938071618
1 12 0.017655794916
1 13 0.022048784317
1 14 0.015230750333
1 15 0.001676528211
1 16 0.006189631326
1 17 0.007160132191
1 18 0.013995515969
1 19 0.008859540528
1 20 0.006720001222
1 21 0.0024982046
1 22 0.005298203271
1 23 0.002340383044
1 24 0.003211390515
1 25 0.012871328555
1 26 0.006357841244
1 27 0.004592829765
1 28 0.009254402927
1 29 0.001815717704
1 30 0.0036050999
1 31 0.018112902211
1 32 0.002953571643
1 33 0.003610540684
1 34 0.002612976532
1 35 1.6126526e-05
1 36 0.005719221594
1 37 0.000866278327
1 38 0.001001214508
1 39 0.000804320024
2 3 0.005736611648
2 4 0.029065952928
2 5 0.005606924814
2 6 0.013964720118
2 7 0.009290435618
2 8 0.004727721571
2 9 0.035392577537
2 10 0.007786688571
2 11 0.006054688792
2 12 0.009502647038
2 13 0.023687616251
2 14 0.009779242348
2 15 0.00378841831
2 16 0.004666528122
2 17 0.009819720303
2 18 0.045687552029
2 19 0.002848282088
2 20 0.002533278966
2 21 0.002432780677
2 22 0.001848371271
2 23 0.024518772062
2 24 0.01306288258
2 25 0.001391040821
2 26 0.002268454238
2 27 0.008375701375
2 28 0.004360162613
2 29 0.002720487015
2 30 0.00785688509
2 31 0.00853802642
2 32 0.000930989194
2 33 0.002323231475
2 34 0.002458703689
2 35 0.002797469505
2 36 0.001679143933
2 37 0.002253486803
2 38 0.001963233007
2 39 0.000942446024
3 4 0.017848995873
3 5 0.017831997923
3 6 0.021917580207
3 7 0.009061406843
3 8 0.006525009097
3 9 0.016267363666
3 10 0.033704385166
3 11 0.004328146194
3 12 0.003840644737
3 13 0.015657003648
3 14 0.001970675544
3 15 0.007650629534
3 16 0.050888103702
3 17 0.00239910636
3 18 0.003786061481
3 19 0.005030241823
3 20 0.001772951409
3 21 0.003696943839
3 22 0.003093460636
3 23 0.002103404174
3 24 0.001068372012
3 25 0.006901422976
3 26 0.000932799848
3 27 0.027920990876
3 28 0.004221236487
3 29 0.001621462586
3 30 0.013095093006
3 31 0.009587145943
3 32 0.001835262774
3 33 0.002515729413
3 34 0.003328822102
3 35 0.00099190408
3 36 0.004747264133
3 37 0.003650362694
3 38 0.000295237683
3 39 0.001818666813
4 5 0.044620456232
4 6 0.036442288378
4 7 0.015391920165
4 8 0.009192306346
4 9 0.01517365514
4 10 0.00653525224
4 11 0.003033001697
4 12 0.007992417325
4 13 0.005654590233
4 14 0.006164007817
4 15 0.005164927455
4 16 0.009394216488
4 17 0.007490328951
4 18 0.013652865402
4 19 0.004142364741
4 20 0.004405804581
4 21 0.00193782434
4 22 0.006040172667
4 23 0.002448283504
4 24 0.001879886288
4 25 0.007264650731
4 26 0.002380308738
4 27 0.002145549828
4 28 0.002591162115
4 29 0.00677596682
4 30 0.003166669458
4 31 0.011333097139
4 32 0.002972569036
4 33 0.005365880096
4 34 0.000113155353
4 35 0.002085412442
4 36 0.000579024319
4 37 0.000713367652
4 38 0.000469532136
4 39 0.002550316309
5 6 0.38432217706
5 7 0.037911135791
5 8 0.020380175166
5 9 0.026738504417
5 10 0.016489233218
5 11 0.002534874931
5 12 0.003532773093
5 13 0.008544364798
5 14 0.004943376324
5 15 0.005873555427
5 16 0.007578865109
5 17 0.009554516899
5 18 0.008990720107
5 19 0.021785448808
5 20 0.00190770732
5 21 0.004088726318
5 22 0.003878627411
5 23 0.002011552715
5 24 0.00384940068
5 25 0.003430722707
5 26 0.001698646409
5 27 0.002461528057
5 28 0.007434308847
5 29 0.00212918966
5 30 0.001992840321
5 31 0.00527737721
5 32 0.004524030175
5 33 0.009974023191
5 34 0.001250726544
5 35 0.001599200387
5 36 0.00052223947
5 37 0.006674663667
5 38 0.00203297913
5 39 0.002884458527
6 7 0.00543368423
6 8 0.002376455287
6 9 0.006517499861
6 10 0.026111430738
6 11 0.011014748413
6 12 0.017747362547
6 13 0.01190906416
6 14 0.003637823686
6 15 0.001216625932
6 16 0.003606923907
6 17 0.004311693384
6 18 0.010796826341
6 19 0.004127829332
6 20 0.003079308642
6 21 0.004510912342
6 22 0.004414165074
6 23 0.002947085021
6 24 0.018089520284
6 25 0.004945842947
6 26 0.002455349471
6 27 0.004642911976
6 28 0.004327624272
6 29 0.002520665645
6 30 0.006543554294
6 31 0.026463018932
6 32 0.001450490021
6 33 0.008755970908
6 34 0.000563354344
6 35 0.002123418213
6 36 0.001414039864
6 37 0.002395287995
6 38 0.00109825191
6 39 0.001160043004
7 8 0.053129906095
7 9 0.011465105741
7 10 0.005815087851
7 11 0.01767969014
7 12 0.008850190087
7 13 0.010938357245
7 14 0.002259712316
7 15 0.012435390834
7 16 0.003756438095
7 17 0.005334906247
7 18 0.006890666206
7 19 0.011360511366
7 20 0.015180452228
7 21 0.004664190006
7 22 0.005835042744
7 23 0.002938581611
7 24 0.005385615166
7 25 0.005447741059
7 26 0.001998642588
7 27 0.003643700919
7 28 0.001368561344
7 29 0.001729221376
7 30 0.014459609283
7 31 0.007425259398
7 32 0.002575306517
7 33 0.003097097472
7 34 0.002468985226
7 35 0.001994798864
7 36 0.00108195364
7 37 0.000763519271
7 38 0.001692756095
7 39 0.000547115406
8 9 0.028780320676
8 10 0.012822861116
8 11 0.007882463452
8 12 0.002183077652
8 13 0.010727084501
8 14 0.011653142318
8 15 0.008155249014
8 16 0.005833414421
8 17 0.008524384041
8 18 0.003121914829
8 19 0.006733798433
8 20 0.003663958463
8 21 0.004775454573
8 22 0.003761084364
8 23 0.005451299859
8 24 0.020673786423
8 25 0.004109716343
8 26 0.003334740036
8 27 0.002332855863
8 28 0.002539235227
8 29 0.010924573069
8 30 0.006708320072
8 31 0.004212657995
8 32 0.000633785517
8 33 0.007322634233
8 34 0.000295028155
8 35 0.002261886818
8 36 0.000703309056
8 37 0.001360468916
8 38 0.003202446935
8 39 0.001604651436
9 10 0.013380972422
9 11 0.005209099248
9 12 0.067391316439
9 13 0.018845709951
9 14 0.018268371299
9 15 0.028521300191
9 16 0.004468647622
9 17 0.017445089976
9 18 0.002574687665
9 19 0.004991368183
9 20 0.002461096936
9 21 0.011082898203
9 22 0.005385977407
9 23 0.001184424813
9 24 0.001808101501
9 25 0.003432802867
9 26 0.006340834518
9 27 0.004168742584
9 28 0.004670819938
9 29 0.00233030895
9 30 0.003086504945
9 31 0.011933487977
9 32 0.001769655
9 33 0.002635134152
9 34 0.001282721519
9 35 0.002380900608
9 36 0.001062923118
9 37 0.001737355393
9 38 0.001520108941
9 39 0.000648801107
10 11 0.013920235925
10 12 0.782372629731
10 13 0.013321607347
10 14 0.002459465921
10 15 0.008163566549
10 16 0.015865499256
10 17 0.004349891574
10 18 0.018160582816
10 19 0.005973038894
10 20 0.006844905479
10 21 0.008711204894
10 22 0.001391492728
10 23 0.006321459556
10 24 0.003123245945
10 25 0.006957314171
10 26 0.002054555556
10 27 0.001724843673
10 28 0.001494996995
10 29 0.002676377108
10 30 0.003148141552
10 31 0.006021625308
10 32 0.000909299962
10 33 0.005147216006
10 34 0.003336686401
10 35 0.000988503376
10 36 0.00108273181
10 37 0.001927465115
10 38 0.003638514502
10 39 0.00071824042
11 12 0.081982536447
11 13 0.00319651161
11 14 0.006070009765
11 15 0.006610042464
11 16 0.00772859406
11 17 0.002963175009
11 18 0.008690310553
11 19 0.004093188635
11 20 0.009261382282
11 21 0.005591253238
11 22 0.007828130802
11 23 0.001417034266
11 24 0.002295491146
11 25 0.000861616287
11 26 0.002077170487
11 27 0.000769896672
11 28 0.003931789055
11 29 0.007760680344
11 30 0.001401614346
11 31 0.001737835814
11 32 0.001566056469
11 33 0.001694116494
11 34 0.000922531795
11 35 0.001756679132
11 36 0.002446692223
11 37 0.001434351771
11 38 0.000348312416
11 39 0.000551477988
12 13 0.015489001051
12 14 0.005815159125
12 15 0.013603973308
12 16 0.006388375022
12 17 0.003504405116
12 18 0.012266326361
12 19 0.005179900215
12 20 0.004110943962
12 21 0.004003054905
12 22 0.025961102834
12 23 0.012879566031
12 24 0.000603210304
12 25 0.0010101126
12 26 0.000451686311
12 27 0.003228395337
12 28 0.000852502124
12 29 0.011542347191
12 30 0.005379506602
12 31 0.004790015177
12 32 0.000897390618
12 33 0.001238377545
12 34 0.003001719917
12 35 6.1306389e-05
12 36 0.000254736879
12 37 0.001068786679
12 38 0.002397564143
12 39 0.000644413429
13 14 0.031236611502
13 15 0.033120918538
13 16 0.013829744437
13 17 0.015163306967
13 18 0.003834662111
13 19 0.003751081725
13 20 0.002760054604
13 21 0.003331835107
13 22 0.005066592278
13 23 0.026425175439
13 24 0.008684989966
13 25 0.002419570786
13 26 0.001492798509
13 27 0.001618871126
13 28 0.00281466434
13 29 0.001446734907
13 30 0.001034673434
13 31 0.003757622962
13 32 0.004242052813
13 33 0.013958364264
13 34 0.003594342065
13 35 0.001591666166
13 36 0.001670625594
13 37 7.7803016e-05
13 38 0.0014847325
13 39 0.00011492015
14 15 0.025171403191
14 16 0.008844629156
14 17 0.007551160327
14 18 0.009664811003
14 19 0.039500798795
14 20 0.062842399939
14 21 0.003421714062
14 22 0.00835083583
14 23 0.003427991798
14 24 0.001593388492
14 25 0.002352632317
14 26 0.001592188274
14 27 0.001368240428
14 28 0.003290827235
14 29 0.001145539395
14 30 0.002859805191
14 31 0.012115717105
14 32 0.031687660921
14 33 0.004051767387
14 34 0.001606604355
14 35 0.002053584485
14 36 0.001630362282
14 37 0.001255639944
14 38 0.000335568382
14 39 0.00020294024
15 16 0.058909694552
15 17 0.018273997265
15 18 0.016751039893
15 19 0.0025022449
15 20 0.002554639563
15 21 0.001291795237
15 22 0.003505389239
15 23 0.001997387665
15 24 0.004286440138
15 25 0.00176253867
15 26 0.002257134166
15 27 0.001881120907
15 28 0.005095747746
15 29 0.00569755895
15 30 0.002028705036
15 31 0.003429811788
15 32 0.002188058503
15 33 0.004115591212
15 34 0.001120953098
15 35 0.000639114572
15 36 0.000185994849
15 37 0.001343433808
15 38 0.003126225408
15 39 0.000279764446
16 17 0.007396699082
16 18 0.006599260123
16 19 0.000856943658
16 20 0.004420578825
16 21 0.004592936338
16 22 0.001234162434
16 23 0.001904112063
16 24 0.004954242659
16 25 0.002222948587
16 26 0.001326521503
16 27 0.001378449578
16 28 0.000933422699
16 29 0.000542894094
16 30 0.002947828124
16 31 0.002363959098
16 32 0.000497490755
16 33 0.003726561065
16 34 0.001185095187
16 35 0.002693260304
16 36 0.0045423526
16 37 0.000557828944
16 38 0.0022342726
16 39 0.002497447381
17 18 0.01444741127
17 19 0.004529873786
17 20 0.004898034843
17 21 0.001789421147
17 22 0.007379364782
17 23 0.016270033491
17 24 0.007695500756
17 25 0.006099731478
17 26 0.000558037561
17 27 0.003704546345
17 28 0.004037443595
17 29 0.004746225379
17 30 0.002159031045
17 31 0.005660923728
17 32 0.002606775272
17 33 0.001905417912
17 34 0.000712995838
17 35 0.003211402558
17 36 0.001892411935
17 37 0.001137751056
17 38 0.000841441072
17 39 0.001208925747
18 19 0.001471958849
18 20 0.002755753001
18 21 0.002679671975
18 22 0.004679125859
18 23 0.003337945019
18 24 0.002355963836
18 25 0.004479083342
18 26 0.001094264793
18 27 0.003111664618
18 28 0.000761488728
18 29 0.00681834957
18 30 0.001778207871
18 31 0.006403357585
18 32 0.00197224866
18 33 0.006850129612
18 34 0.000378126068
18 35 0.000523122759
18 36 0.001488903986
18 37 0.002738851728
18 38 0.000410026844
18 39 0.006948978998
19 20 0.022826012899
19 21 0.015003324174
19 22 0.009492020262
19 23 0.017520176252
19 24 0.003407481972
19 25 0.007302874517
19 26 0.005610527967
19 27 0.016598736611
19 28 0.007288205491
19 29 0.005209835957
19 30 0.007533581426
19 31 0.003775766334
19 32 0.005202823759
19 33 0.004386977878
19 34 0.001178811782
19 35 0.005090908259
19 36 0.00779023376
19 37 0.006226215219
19 38 0.003618291917
19 39 0.003027823513
20 21 0.036301511567
20 22 0.009204940387
20 23 0.019290568604
20 24 0.005244241897
20 25 0.008451387499
20 26 0.007545742917
20 27 0.007491236228
20 28 0.01489120396
20 29 0.011171749741
20 30 0.004627942154
20 31 0.005727143469
20 32 0.007226641522
20 33 0.065449513465
20 34 0.00987770924
20 35 0.005223422722
20 36 0.002897126965
20 37 0.008662822173
20 38 0.002414589735
20 39 0.007020572468
21 22 0.022943347395
21 23 0.007859557482
21 24 0.020587686308
21 25 0.004836984333
21 26 0.005281941389
21 27 0.002714340398
21 28 0.004784371129
21 29 0.004707129643
21 30 0.005486414651
21 31 0.005063256254
21 32 0.007511011747
21 33 0.001786150473
21 34 0.001190138524
21 35 0.001647383927
21 36 0.003577348599
21 37 0.003133936013
21 38 0.001840524175
21 39 0.002336422241
22 23 0.028664895603
22 24 0.013824633135
22 25 0.007641793581
22 26 0.007118776775
22 27 0.006144577701
22 28 0.001626861684
22 29 0.0419860915
22 30 0.003154462021
22 31 0.023660207599
22 32 0.068689320314
22 33 0.0039564519
22 34 0.001260870913
22 35 0.011505530542
22 36 0.000689016129
22 37 0.010563282857
22 38 0.00213622769
22 39 0.002287422877
23 24 0.028853711045
23 25 0.013789082778
23 26 0.010388693946
23 27 0.01428535093
23 28 0.000443836019
23 29 0.001346786006
23 30 0.003177046689
23 31 0.005660352096
23 32 0.002344220847
23 33 0.001840221845
23 34 0.002201450787
23 35 0.004683307196
23 36 0.001004601742
23 37 0.003444165621
23 38 0.002657035151
23 39 0.001529706189
24 25 0.00650329465
24 26 0.003789063741
24 27 0.003035510087
24 28 0.001161956151
24 29 0.009476157109
24 30 0.002406513423
24 31 0.003761128735
24 32 0.014724902052
24 33 0.004244004346
24 34 0.005308642959
24 35 0.001177255086
24 36 0.000685784141
24 37 0.000415588587
24 38 0.002305646162
24 39 0.001555340923
25 26 0.363822430518
25 27 0.200070227592
25 28 0.002006271641
25 29 0.007012208224
25 30 0.000920981505
25 31 0.005309370291
25 32 0.000643514986
25 33 0.002022850912
25 34 0.015982568569
25 35 0.012009533771
25 36 0.00914135919
25 37 0.018233590402
25 38 0.01899148077
25 39 0.00424165005
26 27 0.056511934303
26 28 0.00076560983
26 29 0.000219157956
26 30 0.000459687752
26 31 0.001549037149
26 32 0.001688960017
26 33 0.002619584845
26 34 0.004142036131
26 35 0.005864970483
26 36 0.009768578768
26 37 0.021553717644
26 38 0.027547894791
26 39 0.022460294307
27 28 0.000353335682
27 29 0.002202795719
27 30 0.003219229548
27 31 0.003120390723
27 32 0.001503882566
27 33 0.000620679379
27 34 0.006363772762
27 35 0.0107986301
27 36 0.017371094697
27 37 0.037446855578
27 38 0.02217903676
27 39 0.056557525273
28 29 0.004365482551
28 30 0.015604460217
28 31 0.005266780381
28 32 0.004546999868
28 33 0.006379237847
28 34 0.000901889674
28 35 0.000289995818
28 36 0.000690011644
28 37 0.002293327748
28 38 0.000226492964
28 39 0.004179553073
29 30 0.130779517372
29 31 0.092214495614
29 32 0.025765728546
29 33 0.036508557559
29 34 0.000411986476
29 35 0.000524154126
29 36 0.001032282024
29 37 0.000444714199
29 38 0.000919105197
29 39 0.006742346198
30 31 0.022900844457
30 32 0.004271583303
30 33 0.009608728973
30 34 0.000217909846
30 35 0.002091160317
30 36 0.023345396092
30 37 0.00130564515
30 38 0.000952173094
30 39 0.003558833974
31 32 0.12160589792
31 33 0.040704048163
31 34 0.001423774593
31 35 0.000302095053
31 36 0.000248127589
31 37 0.001554744712
31 38 0.000989617471
31 39 0.001330654023
32 33 0.067676598483
32 34 0.000562135796
32 35 0.001106034954
32 36 0.00383370986
32 37 0.001740901912
32 38 0.002353465402
32 39 0.001714204754
33 34 0.005451794255
33 35 0.00389745415
33 36 0.003624622811
33 37 0.000733602761
33 38 0.000286001431
33 39 0.001515395929
34 35 0.046780660941
34 36 0.107275795293
34 37 0.030505020568
34 38 0.060722199345
34 39 0.010898042694
35 36 0.081885312647
35 37 0.04466661534
35 38 0.036310062628
35 39 0.047357888954
36 37 0.044344306044
36 38 0.061259025863
36 39 0.020102165599
37 38 0.174834758021
37 39 0.0321271774
38 39 0.059474202841
