1 2 0.253822031182
1 3 0.09230769585
1 4 0.070265800618
1 5 0.058273491068
1 6 0.073488326176
1 7 0.046404218524
1 8 0.054809320632
1 9 0.060919778606
1 10 0.073317016037
1 11 0.032694964274
1 12 0.029014540416
1 13 0.06332887223
1 14 0.036967895779
1 15 0.036880332039
1 16 0.030897576888
1 17 0.042112136712
1 18 0.043964046174
1 19 0.027684286314
1 20 0.021382466228
1 21 0.01813383683
1 22 0.015625610438
1 23 0.028814847282
1 24 0.024964714509
1 25 0.01660552289
1 26 0.014470130242
1 27 0.010719219386
1 28 0.008294959133
1 29 0.00985705824
1 30 0.014396709975
1 31 0.02209815139
1 32 0.016270694638
1 33 0.026429183542
1 34 0.007766389401
1 35 0.006162020571
1 36 0.00673287208
1 37 0.005393619675
1 38 0.003909241977
1 39 0.003679458073
2 3 0.194883646417
2 4 0.232148441344
2 5 0.123211384183
2 6 0.147875647984
2 7 0.063178002467
2 8 0.096113965755
2 9 0.078643285836
2 10 0.176310558568
2 11 0.044805562853
2 12 0.039191382354
2 13 0.043359452701
2 14 0.039364393758
2 15 0.041789833982
2 16 0.035082882244
2 17 0.056001199158
2 18 0.046631942231
2 19 0.023803785983
2 20 0.016932122243
2 21 0.016504346347
2 22 0.015520788287
2 23 0.024978777092
2 24 0.023774158426
2 25 0.013248211402
2 26 0.009820463818
2 27 0.009889457516
2 28 0.009790845672
2 29 0.010871805578
2 30 0.016647278144
2 31 0.03043831829
2 32 0.01743760505
2 33 0.025418370432
2 34 0.005800080942
2 35 0.004688015119
2 36 0.002489908478
2 37 0.002979576507
2 38 0.003578411936
2 39 0.005256700985
3 4 0.341461392744
3 5 0.326615597454
3 6 0.49729493714
3 7 0.041565788943
3 8 0.067041146044
3 9 0.089443115515
3 10 0.085472274108
3 11 0.024382881956
3 12 0.020578847924
3 13 0.028802220319
3 14 0.025077193158
3 15 0.029487364058
3 16 0.025055122249
3 17 0.032304148626
3 18 0.030684672835
3 19 0.012202793916
3 20 0.011951147105
3 21 0.012492654402
3 22 0.011724856619
3 23 0.016916737914
3 24 0.010816200279
3 25 0.022159756384
3 26 0.017731447452
3 27 0.01729537307
3 28 0.00528995414
3 29 0.007172490714
3 30 0.012859037556
3 31 0.019943906011
3 32 0.011351305612
3 33 0.024933623368
3 34 0.006366584778
3 35 0.005066149179
3 36 0.004925591257
3 37 0.0032631795
3 38 0.003039990186
3 39 0.004179462452
4 5 0.452981813215
4 6 0.530058650205
4 7 0.091179577552
4 8 0.160388590795
4 9 0.142075528505
4 10 0.092417655902
4 11 0.033756971335
4 12 0.037076886103
4 13 0.050713774088
4 14 0.04198844773
4 15 0.049356280466
4 16 0.042459869605
4 17 0.04600770091
4 18 0.04540003648
4 19 0.017137367676
4 20 0.015944562815
4 21 0.014973074518
4 22 0.01638514859
4 23 0.02207026277
4 24 0.017339330558
4 25 0.010245504814
4 26 0.009722088482
4 27 0.007569451189
4 28 0.008243502119
4 29 0.013367907513
4 30 0.019055414844
4 31 0.032168919522
4 32 0.017537283913
4 33 0.034420306061
4 34 0.003647233062
4 35 0.00214273017
4 36 0.002297873292
4 37 0.00413280891
4 38 0.002132461401
4 39 0.003352615752
5 6 0.601907864285
5 7 0.072186629921
5 8 0.125458849131
5 9 0.21594826779
5 10 0.14578678098
5 11 0.044116390659
5 12 0.047638700075
5 13 0.047301625295
5 14 0.034081721891
5 15 0.042269038836
5 16 0.036415693875
5 17 0.03850798726
5 18 0.046264960365
5 19 0.022729316208
5 20 0.019722473251
5 21 0.016358886408
5 22 0.018684676927
5 23 0.024829537422
5 24 0.020998359029
5 25 0.008727975679
5 26 0.006976370845
5 27 0.007469253594
5 28 0.006407868158
5 29 0.014466111406
5 30 0.020567092215
5 31 0.027692451143
5 32 0.023074848212
5 33 0.047833735773
5 34 0.005614512228
5 35 0.004079840085
5 36 0.002657946888
5 37 0.006722769869
5 38 0.003238519253
5 39 0.003230448333
6 7 0.074357779022
6 8 0.124271692769
6 9 0.213417054624
6 10 0.158333072171
6 11 0.039909231906
6 12 0.041410251137
6 13 0.046076249285
6 14 0.035238376854
6 15 0.044234260892
6 16 0.03973949535
6 17 0.039744346829
6 18 0.052488204605
6 19 0.021735909022
6 20 0.018650264275
6 21 0.016449164111
6 22 0.018968310917
6 23 0.027054059977
6 24 0.020943922793
6 25 0.015953045648
6 26 0.016751723646
6 27 0.013301886354
6 28 0.005957285297
6 29 0.014135858007
6 30 0.020932242868
6 31 0.026770142146
6 32 0.021462725872
6 33 0.047329095924
6 34 0.006838022844
6 35 0.006286927562
6 36 0.003512588385
6 37 0.0045482796
6 38 0.002992823634
6 39 0.004006212041
7 8 0.324815418325
7 9 0.114047198431
7 10 0.071748529981
7 11 0.036404188104
7 12 0.072456709907
7 13 0.040865962529
7 14 0.040105622231
7 15 0.04410439119
7 16 0.03528288771
7 17 0.036807580311
7 18 0.041168268146
7 19 0.024750713511
7 20 0.019035433617
7 21 0.020089261959
7 22 0.011594309515
7 23 0.016295814157
7 24 0.017802355485
7 25 0.006852163589
7 26 0.005912129837
7 27 0.005314892095
7 28 0.007612493902
7 29 0.009710708589
7 30 0.016843405672
7 31 0.018600968929
7 32 0.012525325205
7 33 0.02602174785
7 34 0.003408538131
7 35 0.002486593683
7 36 0.002038799429
7 37 0.003938416711
7 38 0.004210128124
7 39 0.001615056778
8 9 0.385355432309
8 10 0.267812520605
8 11 0.191677092784
8 12 0.256107536212
8 13 0.041017733871
8 14 0.040380560975
8 15 0.045531147835
8 16 0.038583961217
8 17 0.045381206845
8 18 0.041768489776
8 19 0.020013591856
8 20 0.015617040928
8 21 0.019277662175
8 22 0.013359473266
8 23 0.01606425514
8 24 0.015377231378
8 25 0.008341202721
8 26 0.006623073282
8 27 0.008078582664
8 28 0.00733739604
8 29 0.010042599712
8 30 0.015153571548
8 31 0.016897516333
8 32 0.030825286849
8 33 0.019727849786
8 34 0.003092326828
8 35 0.004927457678
8 36 0.003467435112
8 37 0.004313993228
8 38 0.003979281825
8 39 0.003655704613
9 10 0.475942998839
9 11 0.312774439998
9 12 0.360360998319
9 13 0.042239265555
9 14 0.028324553551
9 15 0.044994138215
9 16 0.038064374598
9 17 0.036440158123
9 18 0.049320169484
9 19 0.033658540863
9 20 0.016537098832
9 21 0.016174752749
9 22 0.019855260622
9 23 0.020160465234
9 24 0.014149558034
9 25 0.012374535858
9 26 0.009650608874
9 27 0.010953299561
9 28 0.005383298257
9 29 0.007015182422
9 30 0.013323943612
9 31 0.018804928969
9 32 0.008097950786
9 33 0.017077705367
9 34 0.003267278268
9 35 0.004810260239
9 36 0.003169054269
9 37 0.004866743107
9 38 0.003229276658
9 39 0.002929777763
10 11 0.423153670633
10 12 0.526916436254
10 13 0.044254662305
10 14 0.028982296177
10 15 0.044444362232
10 16 0.035765454356
10 17 0.037569964325
10 18 0.054469471123
10 19 0.025805387911
10 20 0.022487378202
10 21 0.019676277199
10 22 0.020426492701
10 23 0.019994328504
10 24 0.013359814831
10 25 0.010062738996
10 26 0.008015051995
10 27 0.007888159706
10 28 0.006209289064
10 29 0.007892629275
10 30 0.014075640573
10 31 0.016954601719
10 32 0.010333747128
10 33 0.016543754465
10 34 0.004397878726
10 35 0.00448705257
10 36 0.004927173744
10 37 0.003708577374
10 38 0.004236483054
10 39 0.00252141798
11 12 0.69769191159
11 13 0.031486399865
11 14 0.018620208359
11 15 0.027836011124
11 16 0.021266218781
11 17 0.022582282104
11 18 0.032681961924
11 19 0.016114275266
11 20 0.010405983558
11 21 0.012342190758
11 22 0.010774970296
11 23 0.011877668455
11 24 0.009047881352
11 25 0.004862786498
11 26 0.003956700664
11 27 0.004141986004
11 28 0.004139040432
11 29 0.010876262413
11 30 0.009547466753
11 31 0.010575512625
11 32 0.005925133449
11 33 0.011624499921
11 34 0.001169520741
11 35 0.001974101919
11 36 0.001815406563
11 37 0.002979492175
11 38 0.001358306897
11 39 0.001489061418
12 13 0.02984543717
12 14 0.019299863626
12 15 0.030004688626
12 16 0.023595823242
12 17 0.023446475534
12 18 0.032632003816
12 19 0.011281003664
12 20 0.009832970399
12 21 0.010207322687
12 22 0.010232485938
12 23 0.010784735371
12 24 0.009049387225
12 25 0.004125628313
12 26 0.00354350035
12 27 0.003723481151
12 28 0.004317551018
12 29 0.007312745466
12 30 0.009566384972
12 31 0.010805839838
12 32 0.007381982285
12 33 0.010325735178
12 34 0.002413961973
12 35 0.00195672139
12 36 0.002748160114
12 37 0.002235936014
12 38 0.001914021391
12 39 0.00091611236
13 14 0.114429536842
13 15 0.360321848578
13 16 0.170788035517
13 17 0.053451040164
13 18 0.074993390268
13 19 0.015190831625
13 20 0.01910118025
13 21 0.018751381372
13 22 0.017204873703
13 23 0.021600911785
13 24 0.022277720552
13 25 0.006930316741
13 26 0.005294603279
13 27 0.005845015897
13 28 0.005938989404
13 29 0.018498554819
13 30 0.019361367412
13 31 0.02591087547
13 32 0.031239102573
13 33 0.063136548838
13 34 0.002781932696
13 35 0.001947951537
13 36 0.002562010629
13 37 0.001446244052
13 38 0.002220941764
13 39 0.000769906805
14 15 0.059256407625
14 16 0.036595704933
14 17 0.039590791717
14 18 0.035241976518
14 19 0.014380319601
14 20 0.03686931895
14 21 0.015582496114
14 22 0.014275535984
14 23 0.016333862105
14 24 0.014536228362
14 25 0.006041238666
14 26 0.003785651897
14 27 0.004411898773
14 28 0.007156163532
14 29 0.017268512285
14 30 0.022881714757
14 31 0.02828327395
14 32 0.030644458417
14 33 0.057424422175
14 34 0.001562453987
14 35 0.002328523541
14 36 0.002293717075
14 37 0.00201886708
14 38 0.000986444487
14 39 0.001334660242
15 16 0.545961755013
15 17 0.182810806856
15 18 0.147419057011
15 19 0.014786248918
15 20 0.016499936413
15 21 0.016639605486
15 22 0.012294843347
15 23 0.017783644862
15 24 0.01290489296
15 25 0.007557453495
15 26 0.005478075892
15 27 0.0064855569
15 28 0.006418942954
15 29 0.011089876537
15 30 0.015180488693
15 31 0.018370509586
15 32 0.016318510552
15 33 0.031290099623
15 34 0.004289771532
15 35 0.003315748723
15 36 0.004095410869
15 37 0.002816771573
15 38 0.002416384766
15 39 0.002180780188
16 17 0.191462297485
16 18 0.158300983624
16 19 0.01285471705
16 20 0.012954701097
16 21 0.012877216241
16 22 0.011107730517
16 23 0.015252848572
16 24 0.011760070477
16 25 0.006145459003
16 26 0.00595852631
16 27 0.008858386971
16 28 0.006735288137
16 29 0.010866172238
16 30 0.015482865395
16 31 0.02145323432
16 32 0.015465411018
16 33 0.034304530475
16 34 0.00430245351
16 35 0.002259963034
16 36 0.002330554557
16 37 0.004868328139
16 38 0.004848767134
16 39 0.002176758642
17 18 0.20580669751
17 19 0.018389211647
17 20 0.021292309847
17 21 0.017405418435
17 22 0.015207036616
17 23 0.022140097245
17 24 0.022500508499
17 25 0.008333168918
17 26 0.006045008633
17 27 0.006435704523
17 28 0.00761925404
17 29 0.016182654757
17 30 0.021887301744
17 31 0.026314035424
17 32 0.023499627873
17 33 0.050064374503
17 34 0.00210995991
17 35 0.002461731774
17 36 0.001937236089
17 37 0.003460584767
17 38 0.002697919168
17 39 0.001667346432
18 19 0.015157588574
18 20 0.016172302241
18 21 0.017141473488
18 22 0.013764243762
18 23 0.020988280637
18 24 0.014544522233
18 25 0.011510345547
18 26 0.006159042491
18 27 0.007503025251
18 28 0.005679564358
18 29 0.012147213991
18 30 0.014693904344
18 31 0.019491013865
18 32 0.015806248391
18 33 0.035554039839
18 34 0.010448458646
18 35 0.002690662968
18 36 0.003329524673
18 37 0.003488587268
18 38 0.001979845498
18 39 0.00376453029
19 20 0.209396348031
19 21 0.080812623955
19 22 0.0199555137
19 23 0.021090137597
19 24 0.015273149742
19 25 0.020000911237
19 26 0.01768162862
19 27 0.020771475241
19 28 0.005613847456
19 29 0.012249220014
19 30 0.020948969262
19 31 0.018887384402
19 32 0.015068847319
19 33 0.031520548545
19 34 0.00541774129
19 35 0.007919502992
19 36 0.011622314666
19 37 0.007773042827
19 38 0.007700287796
19 39 0.006280109214
20 21 0.152266334071
20 22 0.021107431254
20 23 0.023998110236
20 24 0.01795675818
20 25 0.017038902437
20 26 0.017815813915
20 27 0.014538209282
20 28 0.011732260739
20 29 0.021402782367
20 30 0.028537305687
20 31 0.02541454215
20 32 0.026198671028
20 33 0.048973103943
20 34 0.009069962276
20 35 0.006669705369
20 36 0.008020572119
20 37 0.011637287625
20 38 0.004050493601
20 39 0.008644807048
21 22 0.017388646316
21 23 0.021831913814
21 24 0.016213865078
21 25 0.015060464027
21 26 0.011287810474
21 27 0.011189541467
21 28 0.006078687645
21 29 0.014326509135
21 30 0.019362783795
21 31 0.02095724232
21 32 0.015650914353
21 33 0.037968757264
21 34 0.005353083369
21 35 0.003016146446
21 36 0.005049442987
21 37 0.005872267321
21 38 0.007152299606
21 39 0.007223242462
22 23 0.099341235838
22 24 0.021298245946
22 25 0.016298765438
22 26 0.022936798141
22 27 0.030063821973
22 28 0.002862216581
22 29 0.013199294741
22 30 0.013235078273
22 31 0.019267121371
22 32 0.020322698253
22 33 0.048390934282
22 34 0.003840800509
22 35 0.010987644255
22 36 0.002414679174
22 37 0.023481828094
22 38 0.016094360145
22 39 0.011607133959
23 24 0.298552579211
23 25 0.022048038827
23 26 0.021053483835
23 27 0.020555623382
23 28 0.004367928068
23 29 0.011414928106
23 30 0.015697421415
23 31 0.024213864817
23 32 0.015890055412
23 33 0.038487182211
23 34 0.002912442795
23 35 0.005148788179
23 36 0.002169919815
23 37 0.006493771638
23 38 0.006958780283
23 39 0.005724563785
24 25 0.011606679207
24 26 0.009145970064
24 27 0.00822074348
24 28 0.003269122786
24 29 0.009961171215
24 30 0.012457243346
24 31 0.020576690298
24 32 0.012554464885
24 33 0.037028514064
24 34 0.002222414242
24 35 0.002288213393
24 36 0.000750676778
24 37 0.001016261646
24 38 0.002656840208
24 39 0.002485723028
25 26 0.353381071063
25 27 0.170898875056
25 28 0.002824957444
25 29 0.00335814243
25 30 0.006011110193
25 31 0.008463335024
25 32 0.005158474044
25 33 0.008227663974
25 34 0.012875475581
25 35 0.013021604847
25 36 0.014070125556
25 37 0.017338211978
25 38 0.019146355184
25 39 0.033052663381
26 27 0.272447642546
26 28 0.001583347634
26 29 0.002243054738
26 30 0.004677103697
26 31 0.005517434361
26 32 0.006116359081
26 33 0.005475675465
26 34 0.011483571443
26 35 0.016492466799
26 36 0.019328740899
26 37 0.037333740114
26 38 0.031193239358
26 39 0.047096745153
27 28 0.002178373447
27 29 0.003304767424
27 30 0.004949891846
27 31 0.004549783984
27 32 0.005354120374
27 33 0.004585980535
27 34 0.008632230319
27 35 0.018751702955
27 36 0.026281149705
27 37 0.038247713177
27 38 0.032140711278
27 39 0.083875904766
28 29 0.701187081668
28 30 0.436921103599
28 31 0.012306779133
28 32 0.011668583662
28 33 0.016481033164
28 34 0.001927706114
28 35 0.000806936294
28 36 0.003873016559
28 37 0.002742655983
28 38 0.001157526722
28 39 0.001723819421
29 30 0.531795177394
29 31 0.032338267267
29 32 0.035872577447
29 33 0.074709806036
29 34 0.005809419594
29 35 0.000957724125
29 36 0.005272133147
29 37 0.001269075703
29 38 0.001249661826
29 39 0.002290366941
30 31 0.064247491926
30 32 0.052942222006
30 33 0.093156289241
30 34 0.000665735236
30 35 0.001893801412
30 36 0.011758111612
30 37 0.002283185652
30 38 0.002141486872
30 39 0.003863920254
31 32 0.059404900433
31 33 0.179615253937
31 34 0.004879600482
31 35 0.002508659167
31 36 0.002626211357
31 37 0.003672785346
31 38 0.001665285389
31 39 0.00188955147
32 33 0.144155161311
32 34 0.00048676922
32 35 0.000901503062
32 36 0.004091886602
32 37 0.001147573793
32 38 0.001380064297
32 39 0.001700198274
33 34 0.007540367853
33 35 0.004226848758
33 36 0.002297282176
33 37 0.000868575316
33 38 0.000559799563
33 39 0.002305292859
34 35 0.046780660941
34 36 0.107275795293
34 37 0.030505020568
34 38 0.060722199345
34 39 0.010898042694
35 36 0.081885312647
35 37 0.04466661534
35 38 0.036310062628
35 39 0.047357888954
36 37 0.044344306044
36 38 0.061259025863
36 39 0.020102165599
37 38 0.174834758021
37 39 0.0321271774
38 39 0.059474202841
