1 2 0.249954380633
1 3 0.070440117816
1 4 0.044157711474
1 5 0.034229378665
1 6 0.049407464494
1 7 0.024226772184
1 8 0.033581834119
1 9 0.032981775612
1 10 0.054490556341
1 11 0.020228987854
1 12 0.01517172535
1 13 0.048286594064
1 14 0.02035256251
1 15 0.016958252854
1 16 0.014525710619
1 17 0.021278040075
1 18 0.026502197959
1 19 0.010980031184
1 20 0.00784521236
1 21 0.006918411296
1 22 0.00323588052
1 23 0.014294670547
1 24 0.012924980359
1 25 0.004094322167
1 26 0.003283441207
1 27 0.001211784828
1 28 0.003761745302
1 29 0.003621301215
1 30 0.003998130683
1 31 0.005973785755
1 32 0.009171430129
1 33 0.012348330848
1 34 0.005619151678
1 35 0.003051561569
1 36 0.003995464042
1 37 0.003032840927
1 38 0.000586702111
1 39 0.001432125311
2 3 0.185905970898
2 4 0.225485621519
2 5 0.104997261759
2 6 0.130941269587
2 7 0.040582058054
2 8 0.07311785869
2 9 0.052831301743
2 10 0.166985137468
2 11 0.032090711927
2 12 0.025811565695
2 13 0.022429014731
2 14 0.023161968159
2 15 0.019797550658
2 16 0.018142760066
2 17 0.035099823863
2 18 0.026856037506
2 19 0.012460779047
2 20 0.006932705599
2 21 0.006485008629
2 22 0.00430397299
2 23 0.012807105512
2 24 0.013543399791
2 25 0.002350733373
2 26 0.000998009111
2 27 0.003455700648
2 28 0.005945688104
2 29 0.005373345058
2 30 0.007256155844
2 31 0.017962027092
2 32 0.011811765563
2 33 0.010983814392
2 34 0.003198995883
2 35 0.000965497359
2 36 0.000409690556
2 37 0.000514257711
2 38 0.000141514146
2 39 0.00273404682
3 4 0.343689636835
3 5 0.326617084433
3 6 0.513565700319
3 7 0.025307694568
3 8 0.04859102043
3 9 0.072286717885
3 10 0.070587165917
3 11 0.013219647451
3 12 0.010374953014
3 13 0.012926662166
3 14 0.009999914248
3 15 0.013825451668
3 16 0.011470733295
3 17 0.015768352868
3 18 0.01494754185
3 19 0.003238525382
3 20 0.005129920267
3 21 0.003738486156
3 22 0.002736970037
3 23 0.008449219992
3 24 0.003971859109
3 25 0.011454877228
3 26 0.00612759803
3 27 0.009767764707
3 28 0.001630641117
3 29 0.002083645336
3 30 0.002483473035
3 31 0.005497949179
3 32 0.006227279652
3 33 0.013362668301
3 34 0.0037201824
3 35 0.002395595866
3 36 0.002861590663
3 37 0.001564227727
3 38 0.000335303933
3 39 0.002149112801
4 5 0.466441404961
4 6 0.548722847171
4 7 0.068522131071
4 8 0.141444227622
4 9 0.122562448222
4 10 0.070648812818
4 11 0.018995103154
4 12 0.022309393276
4 13 0.030118717971
4 14 0.022880151864
4 15 0.025357663132
4 16 0.024671214277
4 17 0.025100219663
4 18 0.026196168511
4 19 0.005998902487
4 20 0.00820880366
4 21 0.005925465829
4 22 0.007120948274
4 23 0.012491365041
4 24 0.010359231899
4 25 0.001693821413
4 26 0.00113839778
4 27 0.0
4 28 0.003875615377
4 29 0.007096784993
4 30 0.008276642541
4 31 0.019367218014
4 32 0.011995103028
4 33 0.022692870394
4 34 0.00147986245
4 35 0.000607088202
4 36 0.000407973155
4 37 0.002178999938
4 38 0.000347416869
4 39 0.000930475557
5 6 0.63077165505
5 7 0.050380378845
5 8 0.107464922315
5 9 0.206689579772
5 10 0.132967862702
5 11 0.030900361839
5 12 0.034583220336
5 13 0.031639176722
5 14 0.018188806926
5 15 0.02149249786
5 16 0.018924170484
5 17 0.020926819676
5 18 0.027044758948
5 19 0.011684928824
5 20 0.00922008425
5 21 0.006823826883
5 22 0.009748480214
5 23 0.016200606884
5 24 0.014027997988
5 25 0.000345235969
5 26 0.000646144845
5 27 0.000590312052
5 28 0.002605661167
5 29 0.009030129137
5 30 0.009577095712
5 31 0.01270524091
5 32 0.018408359826
5 33 0.03514421703
5 34 0.001715679108
5 35 0.001203629189
5 36 0.000350229035
5 37 0.001824584376
5 38 0.000231140344
5 39 0.001035059383
6 7 0.053009894437
6 8 0.107567259442
6 9 0.203819700455
6 10 0.142916402576
6 11 0.025570007606
6 12 0.027267932758
6 13 0.030197672737
6 14 0.01734398936
6 15 0.022593186483
6 16 0.023093702275
6 17 0.022027571142
6 18 0.033478841828
6 19 0.010049082206
6 20 0.009088394238
6 21 0.007364827547
6 22 0.009610069954
6 23 0.017176514766
6 24 0.01292209161
6 25 0.003782383638
6 26 0.007513475032
6 27 0.003124043902
6 28 0.002469975593
6 29 0.008841758999
6 30 0.009490402064
6 31 0.014019511894
6 32 0.017036297115
6 33 0.0382099475
6 34 0.00347931118
6 35 0.002105014545
6 36 0.000462787097
6 37 0.001957696096
6 38 0.000774490257
6 39 0.001212014563
7 8 0.323113206951
7 9 0.094106902604
7 10 0.04650790394
7 11 0.019607187307
7 12 0.056571149248
7 13 0.019973822349
7 14 0.022405333043
7 15 0.020973388953
7 16 0.016965779582
7 17 0.017664076882
7 18 0.021021689464
7 19 0.008938686131
7 20 0.007940556899
7 21 0.005542607739
7 22 0.003175125522
7 23 0.007063219766
7 24 0.00953609656
7 25 0.000248794642
7 26 0.0
7 27 0.0
7 28 0.003676095629
7 29 0.003214368166
7 30 0.005557000972
7 31 0.004782524235
7 32 0.006885248015
7 33 0.013041030739
7 34 0.000459705802
7 35 0.001021528514
7 36 0.000366628747
7 37 0.001251228625
7 38 0.00163398863
7 39 0.000731960815
8 9 0.395828564846
8 10 0.26168327106
8 11 0.185231375234
8 12 0.256875749307
8 13 0.022422528627
8 14 0.020171715654
8 15 0.021352715227
8 16 0.019551079542
8 17 0.024926336926
8 18 0.021828596595
8 19 0.006762909193
8 20 0.005752435811
8 21 0.005243732277
8 22 0.004038002932
8 23 0.006994119969
8 24 0.006076643437
8 25 0.0
8 26 0.0
8 27 0.000161579155
8 28 0.003076710638
8 29 0.003589552194
8 30 0.003536509167
8 31 0.003648343571
8 32 0.026659562739
8 33 0.004539870995
8 34 0.000874738951
8 35 0.001786211529
8 36 0.001537026603
8 37 0.002416981696
8 38 0.001514169339
8 39 0.001291967242
9 10 0.487323072366
9 11 0.314493813126
9 12 0.368285590873
9 13 0.022034996253
9 14 0.012159454709
9 15 0.021727227127
9 16 0.01881694119
9 17 0.017487895255
9 18 0.030873252229
9 19 0.022453184525
9 20 0.006285368359
9 21 0.004020675703
9 22 0.00833057707
9 23 0.01001517974
9 24 0.00542360262
9 25 0.002300577106
9 26 0.002287492867
9 27 0.002050603222
9 28 0.000589064297
9 29 0.000966092209
9 30 0.001306946238
9 31 0.004591080384
9 32 0.001762906906
9 33 0.002684740825
9 34 0.000269367843
9 35 0.001408946262
9 36 0.000511341521
9 37 0.001673944948
9 38 0.000576274843
9 39 0.000667743751
10 11 0.433113620298
10 12 0.546289495705
10 13 0.024792002519
10 14 0.013790043766
10 15 0.021672697676
10 16 0.017939005007
10 17 0.019199643185
10 18 0.034740410475
10 19 0.013091171975
10 20 0.008731272688
10 21 0.008436996627
10 22 0.012097738469
10 23 0.010632881839
10 24 0.005454406363
10 25 0.000207672749
10 26 0.001480386953
10 27 0.001865031969
10 28 0.002705381003
10 29 0.0028396727
10 30 0.004099007832
10 31 0.004103946816
10 32 0.004109665188
10 33 0.004038040957
10 34 0.000791905104
10 35 0.001671725751
10 36 0.001387655738
10 37 0.000914678215
10 38 0.000341107306
10 39 0.000104718959
11 12 0.709454202817
11 13 0.020692731911
11 14 0.007944508228
11 15 0.014696997733
11 16 0.010510049376
11 17 0.012113462711
11 18 0.022391814054
11 19 0.009615061397
11 20 0.003772434836
11 21 0.005323378279
11 22 0.005232633746
11 23 0.006787280075
11 24 0.005081166318
11 25 0.000312985013
11 26 0.000704502603
11 27 0.000660479245
11 28 0.001531366909
11 29 0.007432754171
11 30 0.003114229139
11 31 0.003152524099
11 32 0.001739466636
11 33 0.002029855298
11 34 0.000183114583
11 35 0.000995999677
11 36 0.000533181234
11 37 0.001462029951
11 38 0.000507674339
11 39 0.000401735715
12 13 0.018223258642
12 14 0.009136955722
12 15 0.015618499757
12 16 0.0121689626
12 17 0.01283129883
12 18 0.021468398606
12 19 0.003571098401
12 20 0.003202200815
12 21 0.003376653394
12 22 0.005640803737
12 23 0.005423878899
12 24 0.004697846864
12 25 0.000174792604
12 26 0.000389010875
12 27 0.000223910158
12 28 0.001817792966
12 29 0.003826321531
12 30 0.002929416369
12 31 0.00289592629
12 32 0.003764232495
12 33 0.00265173932
12 34 0.001230454487
12 35 0.00046251731
12 36 0.000904915101
12 37 0.000815621363
12 38 0.000545895562
12 39 0.000384117393
13 14 0.102300126839
13 15 0.357364509562
13 16 0.162292478228
13 17 0.032338196501
13 18 0.059444669746
13 19 0.006331353243
13 20 0.011644855138
13 21 0.00880735228
13 22 0.011209144466
13 23 0.014413426855
13 24 0.01377382502
13 25 0.000744252431
13 26 0.001156916846
13 27 0.000231421617
13 28 0.002040181013
13 29 0.013517810437
13 30 0.012220487542
13 31 0.016950514726
13 32 0.027156551486
13 33 0.055384377093
13 34 0.00157042101
13 35 0.000304450713
13 36 0.00141446353
13 37 0.0
13 38 0.000386570078
13 39 0.000251008693
14 15 0.042628025498
14 16 0.024028598385
14 17 0.023362931411
14 18 0.020283907077
14 19 0.005351407247
14 20 0.031717704713
14 21 0.007327138814
14 22 0.008938760209
14 23 0.008577711476
14 24 0.008370966008
14 25 0.000470806604
14 26 0.0
14 27 0.0
14 28 0.003633988618
14 29 0.013168362812
14 30 0.013115287935
14 31 0.016917981524
14 32 0.02722652456
14 33 0.051243272392
14 34 0.0
14 35 0.000134069001
14 36 0.000705397922
14 37 0.000746310417
14 38 0.000395289118
14 39 0.000366844455
15 16 0.553641108098
15 17 0.171278878962
15 18 0.131236365293
15 19 0.003289713177
15 20 0.006782362509
15 21 0.006703406334
15 22 0.00485058589
15 23 0.008279858304
15 24 0.004616707325
15 25 0.000483364443
15 26 0.0
15 27 0.00047276893
15 28 0.002596944643
15 29 0.005923688694
15 30 0.005753321362
15 31 0.007710316224
15 32 0.011144201733
15 33 0.019539957181
15 34 0.002071417259
15 35 0.000918967485
15 36 0.002317367197
15 37 0.000708621516
15 38 5.5468911e-05
15 39 0.000433488944
16 17 0.184978762217
16 18 0.146672042499
16 19 0.003788907682
16 20 0.006207732693
16 21 0.005002625314
16 22 0.005495265357
16 23 0.00739265971
16 24 0.004659157114
16 25 0.000249434072
16 26 0.000837694926
16 27 0.001752540106
16 28 0.003626103563
16 29 0.006991629282
16 30 0.00780594062
16 31 0.010429062788
16 32 0.01166295654
16 33 0.025803456733
16 34 0.003071514969
16 35 0.000611735078
16 36 0.00047498131
16 37 0.003143804861
16 38 0.002847909034
16 39 0.00047492521
17 18 0.196948806931
17 19 0.007021087172
17 20 0.013161559407
17 21 0.006909372259
17 22 0.00845583101
17 23 0.013657421786
17 24 0.013554535799
17 25 0.001754681298
17 26 0.0
17 27 0.000300049694
17 28 0.003975470911
17 29 0.010257081232
17 30 0.013559542534
17 31 0.014284186117
17 32 0.018378064353
17 33 0.037913489076
17 34 0.000802071994
17 35 0.000395433621
17 36 0.000342935397
17 37 0.001775138031
17 38 0.000599201551
17 39 0.000635547588
18 19 0.005160664233
18 20 0.007289540656
18 21 0.008057659496
18 22 0.006387587648
18 23 0.012729555506
18 24 0.007813388185
18 25 0.000569205634
18 26 0.0001435937
18 27 0.0004087119
18 28 0.002245850824
18 29 0.007725524142
18 30 0.00705857119
18 31 0.008999664569
18 32 0.011070702365
18 33 0.02602626859
18 34 0.008857900398
18 35 0.000551283252
18 36 0.00158827694
18 37 0.001697684116
18 38 0.000444237164
18 39 0.002346799976
19 20 0.198501775292
19 21 0.056555517204
19 22 0.0042361038
19 23 0.00710306318
19 24 0.005265974165
19 25 0.005233834018
19 26 0.003965502103
19 27 0.006683598123
19 28 0.000580365774
19 29 0.004319166152
19 30 0.004303867057
19 31 0.00572668236
19 32 0.008082650944
19 33 0.019230282543
19 34 0.001382916314
19 35 0.002907540355
19 36 0.003761384312
19 37 0.000662777946
19 38 0.002774895389
19 39 0.001837319893
20 21 0.118405906538
20 22 0.011413422351
20 23 0.011065161649
20 24 0.00792965209
20 25 0.002205153397
20 26 0.00181022112
20 27 0.00243569725
20 28 0.007563782078
20 29 0.015581348005
20 30 0.018617601981
20 31 0.016851869141
20 32 0.020591043716
20 33 0.042309226822
20 34 0.003294846298
20 35 0.000491742891
20 36 0.004044126132
20 37 0.005310460958
20 38 0.000636449634
20 39 0.003906224764
21 22 0.006598544952
21 23 0.009257154107
21 24 0.005605020586
21 25 0.003433167003
21 26 0.004612774893
21 27 0.001603978793
21 28 0.001780566766
21 29 0.007221178769
21 30 0.009280225258
21 31 0.009955437897
21 32 0.010307628923
21 33 0.026877132513
21 34 0.001475332661
21 35 0.000407482996
21 36 0.00221150586
21 37 0.002098555255
21 38 0.003362644638
21 39 0.004802400048
22 23 0.084493429781
22 24 0.010211901155
22 25 0.00478170019
22 26 0.006992981546
22 27 0.013864511488
22 28 0.000634038514
22 29 0.010374064418
22 30 0.008367532912
22 31 0.013564579533
22 32 0.01709494339
22 33 0.04399148639
22 34 0.0
22 35 0.006900657179
22 36 0.000143682556
22 37 0.015684376347
22 38 0.010938410508
22 39 0.008223308435
23 24 0.292672842891
23 25 0.002706537987
23 26 0.005351843333
23 27 0.004930167755
23 28 0.001001375096
23 29 0.006480057792
23 30 0.00808205923
23 31 0.011736513174
23 32 0.011688801746
23 33 0.032515136114
23 34 0.001427923117
23 35 0.001949032095
23 36 0.000240533732
23 37 0.003459950705
23 38 0.003989471432
23 39 0.002832335157
24 25 0.000729997679
24 26 0.000364348811
24 27 0.001592072499
24 28 0.000842117933
24 29 0.006256011058
24 30 0.006678324276
24 31 0.013107070421
24 32 0.009796300742
24 33 0.030683531702
24 34 0.001109161824
24 35 0.001294791194
24 36 0.000228614363
24 37 0.000114237496
24 38 0.000585586349
24 39 0.000856987375
25 26 0.347035560985
25 27 0.145791234956
25 28 0.0
25 29 0.0
25 30 0.00101907282
25 31 0.0
25 32 0.002739108389
25 33 0.002940795912
25 34 0.00653507796
25 35 0.008780257635
25 36 0.006840893745
25 37 0.008989873446
25 38 0.008370329658
25 39 0.026329065842
26 27 0.252132676145
26 28 0.000105438498
26 29 0.000328295158
26 30 0.000991079818
26 31 0.0
26 32 0.003967397246
26 33 0.0
26 34 0.007399782596
26 35 0.007416221351
26 36 0.012257696121
26 37 0.033316886275
26 38 0.02652101981
26 39 0.044902726153
27 28 0.0
27 29 0.000558960841
27 30 0.00061814999
27 31 0.0
27 32 0.002619884921
27 33 0.002343994764
27 34 0.003185865228
27 35 0.012329221336
27 36 0.018882454354
27 37 0.028432919022
27 38 0.025608828976
27 39 0.079766361124
28 29 0.705074897227
28 30 0.449430183192
28 31 0.005931371646
28 32 0.009082715137
28 33 0.009642064593
28 34 0.001486716023
28 35 0.000197692059
28 36 0.003223420384
28 37 0.001830840255
28 38 0.0007380185
28 39 0.00116052727
29 30 0.546127564077
29 31 0.022759051579
29 32 0.031060053461
29 33 0.068219102729
29 34 0.00515837955
29 35 0.000326776587
29 36 0.004038553626
29 37 0.000669851252
29 38 0.000489847885
29 39 0.001696132526
30 31 0.044273190613
30 32 0.043103519397
30 33 0.075215845103
30 34 0.0
30 35 0.000395345315
30 36 0.010873856477
30 37 0.000904677468
30 38 0.001148181516
30 39 0.001804513445
31 32 0.049187384772
31 33 0.149406431555
31 34 0.003378266711
31 35 0.0
31 36 0.001135580335
31 37 0.00177617839
31 38 0.000540712431
31 39 0.000525216478
32 33 0.136788524496
32 34 0.000325913294
32 35 0.0
32 36 0.003269495501
32 37 0.000557513402
32 38 0.000123277702
32 39 0.001596537604
33 34 0.006881222954
33 35 0.002395701415
33 36 0.00103580387
33 37 0.0
33 38 2.913872e-05
33 39 0.001082782268
34 35 0.046780660941
34 36 0.107275795293
34 37 0.030505020568
34 38 0.060722199345
34 39 0.010898042694
35 36 0.081885312647
35 37 0.04466661534
35 38 0.036310062628
35 39 0.047357888954
36 37 0.044344306044
36 38 0.061259025863
36 39 0.020102165599
37 38 0.174834758021
37 39 0.0321271774
38 39 0.059474202841
