1 2 0.468507279408
1 3 0.017657344793
1 4 0.016198127727
1 5 0.01737972563
1 6 0.012768731735
1 7 0.022358384373
1 8 0.022454645542
1 9 0.040600516387
1 10 0.015500398617
1 11 0.037351420447
1 12 0.017466207449
1 13 0.009494496001
1 14 0.019722593141
1 15 0.028570151223
1 16 0.019091864998
1 17 0.020469620177
1 18 0.028897421881
1 19 0.014437297128
1 20 0.016689268273
1 21 0.011283024987
1 22 0.008807056839
1 23 0.013811731453
1 24 0.011989403776
1 25 0.006983369939
1 26 0.005171470701
1 27 0.005575184907
1 28 0.009484540343
1 29 0.008347489456
1 30 0.01051479872
1 31 0.005099556172
1 32 0.003411300172
1 33 0.009099726104
1 34 0.00367573786
1 35 0.005328407271
1 36 0.003715462009
1 37 0.004057345486
1 38 0.002224122521
1 39 0.007626980182
2 3 0.025854041443
2 4 0.016246477922
2 5 0.013311258817
2 6 0.014425814227
2 7 0.00776936611
2 8 0.025519677351
2 9 0.018875876711
2 10 0.023193148238
2 11 0.015750585356
2 12 0.021596474419
2 13 0.013815102104
2 14 0.028255670104
2 15 0.02461290492
2 16 0.030295478028
2 17 0.018343651827
2 18 0.040413056448
2 19 0.013198429825
2 20 0.00939942534
2 21 0.01970865363
2 22 0.010987096384
2 23 0.01159211735
2 24 0.011351738314
2 25 0.007062498669
2 26 0.004782838444
2 27 0.002245804528
2 28 0.01594365054
2 29 0.010673064544
2 30 0.007726199474
2 31 0.005460263102
2 32 0.004718720039
2 33 0.011674208287
2 34 0.003822288296
2 35 0.005719980582
2 36 0.003616320767
2 37 0.001060261283
2 38 0.00285911128
2 39 0.002105691984
3 4 0.025812334831
3 5 0.011777493219
3 6 0.018915396803
3 7 0.015889003073
3 8 0.030429298141
3 9 0.042140771072
3 10 0.00826203809
3 11 0.021870030925
3 12 0.011523228485
3 13 0.020530508855
3 14 0.019514023766
3 15 0.030524096416
3 16 0.016365071834
3 17 0.023407376361
3 18 0.021658801602
3 19 0.014457147895
3 20 0.021336137557
3 21 0.010449658218
3 22 0.014829172777
3 23 0.016589932219
3 24 0.014382628058
3 25 0.017165216909
3 26 0.012858697576
3 27 0.010144367723
3 28 0.014732660439
3 29 0.010123857521
3 30 0.014163117521
3 31 0.023442199702
3 32 0.007815145233
3 33 0.011346280998
3 34 0.004413974503
3 35 0.005497016928
3 36 0.001996768217
3 37 0.005822760025
3 38 0.003816655881
3 39 0.006274955437
4 5 0.019887064169
4 6 0.036230682638
4 7 0.026199880375
4 8 0.021921968036
4 9 0.034717808434
4 10 0.020191356141
4 11 0.035610596454
4 12 0.032885466787
4 13 0.02337095818
4 14 0.032794309876
4 15 0.020309374875
4 16 0.022894766794
4 17 0.012290396858
4 18 0.023072131202
4 19 0.018553771436
4 20 0.016474949783
4 21 0.020481398404
4 22 0.018624421455
4 23 0.01896573292
4 24 0.018021915288
4 25 0.007018045873
4 26 0.006291635561
4 27 0.008462682153
4 28 0.026777631025
4 29 0.010826252141
4 30 0.015364225855
4 31 0.014181338573
4 32 0.009176705546
4 33 0.008990300146
4 34 0.008114755098
4 35 0.003001076711
4 36 0.006183945421
4 37 0.006355019695
4 38 0.004837178745
4 39 0.003138422067
5 6 0.42132781646
5 7 0.036307952481
5 8 0.02375983449
5 9 0.016163113664
5 10 0.023056978254
5 11 0.014506612501
5 12 0.020204154057
5 13 0.011731475271
5 14 0.029117509311
5 15 0.020772121175
5 16 0.011269493307
5 17 0.02197239498
5 18 0.017379914556
5 19 0.017699328835
5 20 0.014194297957
5 21 0.007150511425
5 22 0.005374177257
5 23 0.005433178745
5 24 0.010301416916
5 25 0.001531669545
5 26 0.005184240317
5 27 0.004695328343
5 28 0.014187952165
5 29 0.008807151337
5 30 0.004620797042
5 31 0.005436390471
5 32 0.005940890557
5 33 0.008578373677
5 34 0.001264347702
5 35 0.003744151237
5 36 0.002503217997
5 37 0.003225335524
5 38 0.002241753947
5 39 0.001010161478
6 7 0.027271692742
6 8 0.03790607881
6 9 0.018075364813
6 10 0.023706497772
6 11 0.019285178164
6 12 0.02952133292
6 13 0.020462906093
6 14 0.029359593804
6 15 0.027260675799
6 16 0.019176341066
6 17 0.033109671213
6 18 0.019659528853
6 19 0.018445322191
6 20 0.018294545544
6 21 0.018363815168
6 22 0.011964501866
6 23 0.005922025932
6 24 0.009301927831
6 25 0.005333272657
6 26 0.006164641945
6 27 0.004607158931
6 28 0.0192584305
6 29 0.015980016768
6 30 0.010970549938
6 31 0.019340411606
6 32 0.009152491429
6 33 0.005849900189
6 34 0.007247541681
6 35 0.00246777304
6 36 0.00313303971
6 37 0.004722399311
6 38 0.003659474197
6 39 0.00540777344
7 8 0.225032690496
7 9 0.119671075098
7 10 0.068282503295
7 11 0.080203000286
7 12 0.071726037779
7 13 0.012168914229
7 14 0.028295214018
7 15 0.027372548993
7 16 0.017236574054
7 17 0.012393677703
7 18 0.013104319022
7 19 0.017671450288
7 20 0.010909319249
7 21 0.012140757179
7 22 0.006458135241
7 23 0.008632303364
7 24 0.006899362789
7 25 0.01557584946
7 26 0.006335386777
7 27 0.005165295971
7 28 0.016243223875
7 29 0.014480417338
7 30 0.011305526119
7 31 0.012652619972
7 32 0.004923472205
7 33 0.007716935664
7 34 0.006033803418
7 35 0.00785460696
7 36 0.002856406968
7 37 0.005398624864
7 38 0.006466539686
7 39 0.006334535123
8 9 0.229022996517
8 10 0.106249574472
8 11 0.083634033825
8 12 0.054478172368
8 13 0.03062468645
8 14 0.041962100906
8 15 0.036162991456
8 16 0.04057162718
8 17 0.023408511676
8 18 0.03904647823
8 19 0.016005875637
8 20 0.020523537258
8 21 0.014761621671
8 22 0.011438961326
8 23 0.010160792925
8 24 0.013406551363
8 25 0.009055060709
8 26 0.009122428113
8 27 0.003913154226
8 28 0.018666816081
8 29 0.014382053188
8 30 0.015368350724
8 31 0.017546326287
8 32 0.004844280016
8 33 0.006778562132
8 34 0.003523221501
8 35 0.004195452204
8 36 0.008625074126
8 37 0.003934257853
8 38 0.00179290748
8 39 0.004029382224
9 10 0.133409296172
9 11 0.127441851467
9 12 0.101897859383
9 13 0.021109658133
9 14 0.036799988289
9 15 0.031531114089
9 16 0.026502057104
9 17 0.019980088108
9 18 0.024844296907
9 19 0.015761423134
9 20 0.014887598802
9 21 0.011000301732
9 22 0.007437605212
9 23 0.016226372495
9 24 0.011007371192
9 25 0.006959419003
9 26 0.008062440398
9 27 0.004185170472
9 28 0.011363272843
9 29 0.007993047367
9 30 0.009309179969
9 31 0.012869317077
9 32 0.006269257582
9 33 0.007137200037
9 34 0.003192894566
9 35 0.010328746662
9 36 0.01183514861
9 37 0.004809280431
9 38 0.004849029892
9 39 0.004516184666
10 11 0.216974656236
10 12 0.191959160563
10 13 0.019165644496
10 14 0.02818925972
10 15 0.033857227038
10 16 0.020459385529
10 17 0.021908127675
10 18 0.013638245225
10 19 0.015979925208
10 20 0.019418713296
10 21 0.018274809665
10 22 0.014585906836
10 23 0.005778797001
10 24 0.005751691302
10 25 0.010804430846
10 26 0.003463710641
10 27 0.00348824422
10 28 0.015258834932
10 29 0.010965386181
10 30 0.008970101388
10 31 0.010368168191
10 32 0.007450698538
10 33 0.005939241348
10 34 0.005288586317
10 35 0.004961416155
10 36 0.005324978982
10 37 0.006957876143
10 38 0.006365074731
10 39 0.004090160502
11 12 0.180787924092
11 13 0.016513391549
11 14 0.028075938317
11 15 0.030828613463
11 16 0.018924677907
11 17 0.019654502929
11 18 0.027049406043
11 19 0.015849268256
11 20 0.012690423317
11 21 0.009856071206
11 22 0.007989339375
11 23 0.011879780597
11 24 0.00646978604
11 25 0.010033441257
11 26 0.007780876522
11 27 0.007911304189
11 28 0.005421689675
11 29 0.007330220496
11 30 0.013922121259
11 31 0.012376944463
11 32 0.007017285948
11 33 0.003693408266
11 34 0.005421992375
11 35 0.010988847315
11 36 0.012583184674
11 37 0.006871067914
11 38 0.00364217283
11 39 0.002301234952
12 13 0.015268059824
12 14 0.027740097706
12 15 0.049073186781
12 16 0.032466121459
12 17 0.024835878067
12 18 0.020475318806
12 19 0.034073461567
12 20 0.020393333905
12 21 0.029594870609
12 22 0.017529234424
12 23 0.007783162856
12 24 0.012789095429
12 25 0.004073263723
12 26 0.006723093347
12 27 0.003212195773
12 28 0.019300427566
12 29 0.021431172897
12 30 0.010857407212
12 31 0.016739842549
12 32 0.00210725186
12 33 0.010828024529
12 34 0.001845602169
12 35 0.002370851216
12 36 0.007261969159
12 37 0.005426684933
12 38 0.005014311084
12 39 0.003311355835
13 14 0.216854135379
13 15 0.077520563406
13 16 0.023419464223
13 17 0.016048567834
13 18 0.013144813021
13 19 0.010102227028
13 20 0.013218962191
13 21 0.016718783158
13 22 0.015045947274
13 23 0.005917763128
13 24 0.005181693155
13 25 0.007499773087
13 26 0.005913787447
13 27 0.006912487123
13 28 0.009875123859
13 29 0.010501628383
13 30 0.014527978344
13 31 0.01213253318
13 32 0.003126057206
13 33 0.018282382084
13 34 0.002390493868
13 35 0.001843374321
13 36 0.004555420023
13 37 0.003937358164
13 38 0.005182596922
13 39 0.003281433724
14 15 0.224594948641
14 16 0.078259509458
14 17 0.072738454187
14 18 0.049832392359
14 19 0.018640442701
14 20 0.022151585527
14 21 0.016735960687
14 22 0.011255163251
14 23 0.012456768393
14 24 0.014643497888
14 25 0.011823863583
14 26 0.006419472054
14 27 0.002084603418
14 28 0.017594500408
14 29 0.016905000494
14 30 0.013975052933
14 31 0.010068893016
14 32 0.006997480383
14 33 0.013369719315
14 34 0.003351462513
14 35 0.004531664948
14 36 0.002424201239
14 37 0.004075441526
14 38 0.004465151636
14 39 0.003750206401
15 16 0.042104943958
15 17 0.056778111012
15 18 0.042265794811
15 19 0.023840919597
15 20 0.02638138893
15 21 0.026955093113
15 22 0.021344268863
15 23 0.014100528096
15 24 0.017095069975
15 25 0.008064700226
15 26 0.012126540957
15 27 0.002673165011
15 28 0.014922094789
15 29 0.011661871729
15 30 0.007773274239
15 31 0.019822719608
15 32 0.005226596239
15 33 0.013532054585
15 34 0.002572308536
15 35 0.007025836966
15 36 0.007388876934
15 37 0.003611460215
15 38 0.004316175429
15 39 0.003941367445
16 17 0.207589505888
16 18 0.244378290524
16 19 0.02659435216
16 20 0.016312914018
16 21 0.013474793163
16 22 0.019572330404
16 23 0.014176308762
16 24 0.013533526101
16 25 0.006432738393
16 26 0.007457925834
16 27 0.003569580593
16 28 0.021371081181
16 29 0.015812922543
16 30 0.017087555704
16 31 0.019108844909
16 32 0.006711911849
16 33 0.009717544155
16 34 0.005246987934
16 35 0.012471315217
16 36 0.006296307408
16 37 0.00653775108
16 38 0.005748225517
16 39 0.006322952518
17 18 0.103519513932
17 19 0.014913942792
17 20 0.038507106999
17 21 0.013300904871
17 22 0.015014538805
17 23 0.015276877607
17 24 0.006183727138
17 25 0.014033629448
17 26 0.009368048432
17 27 0.006920673221
17 28 0.013291378628
17 29 0.009651624568
17 30 0.014017097802
17 31 0.012247616241
17 32 0.006227550975
17 33 0.011404615246
17 34 0.004220745088
17 35 0.005156933449
17 36 0.003309601341
17 37 0.001897404519
17 38 0.00424779918
17 39 0.006109672706
18 19 0.018346802151
18 20 0.013742375551
18 21 0.014685031792
18 22 0.009658695337
18 23 0.006673771723
18 24 0.007982830768
18 25 0.013998752225
18 26 0.010893862562
18 27 0.005736619645
18 28 0.007405659936
18 29 0.00614103394
18 30 0.012583537615
18 31 0.013724655953
18 32 0.003926840314
18 33 0.008247578192
18 34 0.00909332003
18 35 0.015445714556
18 36 0.007621221795
18 37 0.011576808854
18 38 0.014385292237
18 39 0.004324532224
19 20 0.122176628399
19 21 0.043901107071
19 22 0.024012542858
19 23 0.030263135512
19 24 0.020517842364
19 25 0.010925543784
19 26 0.009241670516
19 27 0.004502617877
19 28 0.025480058318
19 29 0.020417448552
19 30 0.021785886001
19 31 0.027148710012
19 32 0.008676675997
19 33 0.02130991547
19 34 0.002326130579
19 35 0.001836807655
19 36 0.006991455621
19 37 0.004946511317
19 38 0.001337711845
19 39 0.008247006631
20 21 0.033157085248
20 22 0.021137979469
20 23 0.020406508474
20 24 0.021423148433
20 25 0.016866435163
20 26 0.012382904765
20 27 0.008272911302
20 28 0.019080819318
20 29 0.013368915581
20 30 0.023491424699
20 31 0.022506931538
20 32 0.006016241925
20 33 0.024622529701
20 34 0.003523999692
20 35 0.004493675189
20 36 0.009477405979
20 37 0.005634547636
20 38 0.018366410001
20 39 0.009573746556
21 22 0.210051119536
21 23 0.138993678991
21 24 0.043343986207
21 25 0.01261742038
21 26 0.011036124346
21 27 0.007342485656
21 28 0.038191565728
21 29 0.022470479325
21 30 0.022830915431
21 31 0.01732241409
21 32 0.007924963057
21 33 0.015687904057
21 34 0.003031731969
21 35 0.011675452077
21 36 0.00263052703
21 37 0.0051988786
21 38 0.004431112331
21 39 0.01279880343
22 23 0.188706857652
22 24 0.030439773056
22 25 0.006539789713
22 26 0.005710179416
22 27 0.010774707153
22 28 0.035219009885
22 29 0.016234165234
22 30 0.050115573118
22 31 0.019875370154
22 32 0.005749157758
22 33 0.018144637844
22 34 0.004408678989
22 35 0.004955625235
22 36 0.00489430739
22 37 0.006906132919
22 38 0.005930004157
22 39 0.011063463987
23 24 0.030829345825
23 25 0.017397502407
23 26 0.017326802904
23 27 0.017675460064
23 28 0.028478014726
23 29 0.03396024547
23 30 0.01946112124
23 31 0.00946389876
23 32 0.008733283431
23 33 0.004258621366
23 34 0.009224512144
23 35 0.007112110879
23 36 0.019302711681
23 37 0.008525275478
23 38 0.003940838682
23 39 0.013576869406
24 25 0.00398000681
24 26 0.00541360892
24 27 0.003220194939
24 28 0.015886250329
24 29 0.004911537984
24 30 0.013147819332
24 31 0.010916126742
24 32 0.004817165032
24 33 0.017150638195
24 34 0.00206188778
24 35 0.001649193232
24 36 0.001341224299
24 37 0.001325888026
24 38 0.002963704029
24 39 0.005891584376
25 26 0.140289205957
25 27 0.079925492281
25 28 0.004630939372
25 29 0.005386055233
25 30 0.004937751444
25 31 0.007024589362
25 32 0.004160774426
25 33 0.003285206277
25 34 0.020243717634
25 35 0.014958669561
25 36 0.018085280003
25 37 0.026275358463
25 38 0.027559994761
25 39 0.042548778236
26 27 0.247701430248
26 28 0.004553574919
26 29 0.01028980386
26 30 0.006974799666
26 31 0.009180737328
26 32 0.004104128386
26 33 0.003740523816
26 34 0.016185459335
26 35 0.027540347267
26 36 0.026677533271
26 37 0.09580242988
26 38 0.101364164891
26 39 0.121900816396
27 28 0.005889309698
27 29 0.007674941043
27 30 0.007118647422
27 31 0.019080759554
27 32 0.010329781908
27 33 0.003611444969
27 34 0.012124767038
27 35 0.028301658113
27 36 0.019334352692
27 37 0.029328755605
27 38 0.043148296384
27 39 0.058653163763
28 29 0.060125014812
28 30 0.048657548278
28 31 0.027504103681
28 32 0.014004750572
28 33 0.039481358396
28 34 0.002254001589
28 35 0.004712895684
28 36 0.006864430315
28 37 0.00321024806
28 38 0.00023584918
28 39 0.005141882473
29 30 0.053869426572
29 31 0.024318512317
29 32 0.017313170856
29 33 0.019935449696
29 34 0.001833878049
29 35 0.002244651038
29 36 0.015395898928
29 37 0.005959164241
29 38 0.0045531594
29 39 0.009236880272
30 31 0.028225218606
30 32 0.02085917862
30 33 0.028016526364
30 34 0.004773133486
30 35 0.003469033201
30 36 0.009316288255
30 37 0.002760916773
30 38 0.006921299373
30 39 0.003874854961
31 32 0.054653983424
31 33 0.063646806244
31 34 0.005203458385
31 35 0.013053556692
31 36 0.004754301721
31 37 0.00988594227
31 38 0.00378303679
31 39 0.006546460529
32 33 0.068736368561
32 34 0.002597901623
32 35 0.008478293767
32 36 0.005448825037
32 37 0.003929253962
32 38 0.003603086542
32 39 0.001079406762
33 34 0.002732843895
33 35 0.000788775631
33 36 0.006053051439
33 37 0.006592199322
33 38 0.002976096251
33 39 0.006600343027
34 35 0.121812391612
34 36 0.149680457042
34 37 0.063281431606
34 38 0.130185972517
34 39 0.019900481145
35 36 0.141653120025
35 37 0.10288008812
35 38 0.145259626704
35 39 0.057638212147
36 37 0.070726712219
36 38 0.09642336107
36 39 0.031395559582
37 38 0.243555813629
37 39 0.047763089657
38 39 0.075059920629
